0: [3, 12, 13, 17, 18, 19]
1: [2, 4, 6]
2: [5, 10, 16, 18, 23, 28, 32, 44, 48, 49, 55, 64, 65, 79, 82, 88, 94, 95, 98, 102, 103, 106]
3: [0, 31, 35, 38, 44, 47, 51, 57]
4: [2, 8, 10, 14]
5: [3, 6, 9, 10]
6: [3, 5, 10, 22, 28, 29, 38, 39, 42, 49, 53, 54, 56, 57, 58]
7: [2, 3, 5, 7]
8: [12, 19, 23, 25, 83]
9: [4, 6, 7, 19, 23, 24, 31, 38]
10: [1, 7]
11: [5, 6, 14, 21, 22, 23, 26, 28]
12: [0, 4, 5]
13: [3, 5, 6, 21, 22, 23, 24, 26]
14: [4, 6, 20, 23, 25, 31, 32, 41, 51, 55, 58, 59, 62]
15: [4, 8, 22, 23, 29, 34, 36, 41, 45, 46, 48, 52]